366.2905308322943 477.9923640237891
344.32034803701947 477.8516370001331
321.40374100719424 477.705035971223
304.2836396215476 478.0744856602045
284.8880447350424 478.08856000317803
243.93675152111086 477.2834331354043
231.2499432822677 477.49767600332586
194.6254619478536 477.1554282047797
188.93870964328158 477.8758064083453
173.37161963424444 477.47440379119075
29.623409114186686 476.60776127912493
23.221742329110125 476.34701222779023
8.195922616200516 476.35834532171936
489.11082995601265 435.3677462973026
331.7960159372238 356.8605578028322
386.3214961070283 348.0247950952556
580.4962999503317 331.9753330022118
513.9796489571564 321.5637474533938
565.4545454545455 309.25757575757575
481.74046997389036 300.00156657963447
198.72560926759706 300.76545801220936
268.41128651501697 252.37476590990838
343.1106891308053 242.7963574439259
276.00647016634235 203.53235083171163
546.7192794197804 194.62049316278936
363.5980001275123 193.54002736610255
331.62831858407077 155.29646017699116
510.49316791010364 112.53792988632361
517.9385742560518 107.06996164909167
540.0239977551443 80.36548626721802
298.77518981494353 68.34989062210622
489.335997546511 49.569013257863645
381.1663516068053 37.51512287334594
